1438340735.863422 
1438340735.901093 
1438340735.937862 
1438340735.974790 
1438340736.011695 
1438340736.048888 
1438340736.085730 
1438340736.122835 
1438340736.159963 
1438340736.197477 
1438340736.233980 
1438340736.271054 
1438340736.308189 
1438340736.345133 
1438340736.382161 
1438340736.419494 
1438340736.456134 
1438340736.493349 
1438340736.530849 
1438340736.567282 
1438340736.604297 
1438340736.641348 
1438340736.678362 
1438340736.715556 
1438340736.752951 
1438340736.790028 
1438340736.826514 
1438340736.863465 
1438340736.900695 
1438340736.937705 
1438340736.975388 
1438340737.011872 
1438340737.048803 
1438340737.085720 
1438340737.122842 
1438340737.159936 
1438340737.197069 
1438340737.233888 
1438340737.270980 
1438340737.308327 
1438340737.345091 
1438340737.382602 
1438340737.419013 
1438340737.456123 
1438340737.493239 
1438340737.530377 
1438340737.567465 
1438340737.604258 
1438340737.641295 
1438340737.678463 
1438340737.715481 
1438340737.752667 
1438340737.789486 
1438340737.826413 
1438340737.863755 
1438340737.900665 
1438340737.937637 
1438340737.974727 
1438340738.011902 
1438340738.048844 
1438340738.086086 
1438340738.122940 
1438340738.159849 
1438340738.196990 
1438340738.234015 
1438340738.271030 
1438340738.308449 
1438340738.344957 
1438340738.382227 
1438340738.419276 
1438340738.456396 
1438340738.493256 
1438340738.530237 
1438340738.567394 
1438340738.604420 
1438340738.641432 
1438340738.678640 
1438340738.715500 
1438340738.752394 
1438340738.789473 
1438340738.826777 
1438340738.863576 
1438340738.900607 
1438340738.937855 
1438340738.974595 
1438340739.011840 
1438340739.048833 
1438340739.086005 
1438340739.122923 
1438340739.159797 
1438340739.197023 
1438340739.234139 
1438340739.270966 
1438340739.309018 
1438340739.345113 
1438340739.382206 
1438340739.419452 
1438340739.456311 
1438340739.493629 
1438340739.530208 
1438340739.567231 
1438340739.604562 
1438340739.641382 
1438340739.678314 
1438340739.715684 
1438340739.752363 
1438340739.790276 
1438340739.826515 
1438340739.863646 
1438340739.900997 
1438340739.937692 
1438340739.975010 
1438340740.011732 
1438340740.048970 
1438340740.085748 
1438340740.123091 
1438340740.159751 
1438340740.196951 
1438340740.234038 
1438340740.271088 
1438340740.307922 
1438340740.345057 
1438340740.382083 
1438340740.419215 
1438340740.456786 
1438340740.493165 
1438340740.530182 
1438340740.567403 
1438340740.605004 
1438340740.641225 
1438340740.678326 
1438340740.715350 
1438340740.752600 
1438340740.790056 
1438340740.826632 
1438340740.863584 
1438340740.900568 
1438340740.937610 
1438340740.974730 
1438340741.011828 
1438340741.048671 
1438340741.085693 
1438340741.123047 
1438340741.159786 
1438340741.196806 
1438340741.234117 
1438340741.270913 
1438340741.308011 
1438340741.345048 
1438340741.382122 
1438340741.419209 
1438340741.456137 
1438340741.493145 
1438340741.530391 
1438340741.567334 
1438340741.604969 
1438340741.641326 
1438340741.678395 
1438340741.715755 
1438340741.752623 
1438340741.789939 
1438340741.826497 
1438340741.863529 
1438340741.900671 
1438340741.937970 
1438340741.975383 
1438340742.011697 
1438340742.048679 
