0.000000 
0.000000 
0.010000 
0.029900 
0.059541 
0.098706 
0.147122 
0.204462 
0.270346 
0.344344 
0.425980 
0.514734 
0.610044 
0.711313 
0.817909 
0.929171 
1.044413 
1.162927 
1.283990 
1.406864 
1.530806 
1.655068 
1.778902 
1.901567 
2.022332 
2.140480 
2.255312 
2.366154 
2.472355 
2.573297 
2.668395 
2.757103 
2.838914 
2.913363 
2.980035 
3.038560 
3.088619 
3.129946 
3.162329 
3.185608 
3.199680 
3.204497 
3.200069 
3.186458 
3.163782 
3.132215 
3.091980 
3.043355 
2.986664 
2.922279 
2.850619 
2.772141 
2.687345 
2.596763 
2.500964 
2.400542 
2.296118 
2.188335 
2.077853 
1.965347 
1.851498 
1.736995 
1.622529 
1.508785 
1.396444 
1.286173 
1.178626 
1.074438 
0.974220 
0.878557 
0.788006 
0.703089 
0.624293 
0.552066 
0.486816 
0.428906 
0.378654 
0.336332 
0.302160 
0.276313 
0.258910 
0.250024 
0.249674 
0.257827 
0.274400 
0.299260 
0.332226 
0.373066 
0.421505 
0.477220 
0.539850 
0.608990 
0.684199 
0.765003 
0.850893 
0.941334 
1.035766 
1.133605 
1.234251 
1.337089 
1.441493 
1.546831 
1.652466 
1.757764 
1.862094 
1.964835 
2.065375 
2.163121 
2.257497 
2.347951 
2.433955 
2.515012 
2.590654 
2.660449 
2.724003 
2.780959 
2.831001 
2.873856 
2.909298 
2.937141 
2.957251 
2.969536 
2.973956 
2.970513 
2.959262 
2.940300 
2.913772 
2.879867 
2.838819 
2.790902 
2.736431 
2.675760 
2.609277 
2.537404 
2.460594 
2.379328 
2.294111 
2.205470 
2.113951 
2.020114 
1.924532 
1.827785 
1.730458 
1.633138 
1.536408 
1.440847 
1.347023 
1.255492 
1.166794 
1.081451 
0.999960 
0.922795 
0.850402 
0.783196 
0.721560 
0.665841 
0.616350 
0.573359 
0.537099 
0.507762 
0.485496 
0.470406 
0.462554 
0.461958 
0.468592 
0.482389 
0.503236 
0.530980 
0.565427 
0.606344 
0.653459 
0.706465 
0.765020 
0.828751 
0.897254 
0.970100 
1.046834 
1.126980 
1.210043 
1.295514 
1.382870 
1.471580 
1.561105 
1.650905 
1.740441 
1.829175 
1.916580 
2.002136 
2.085337 
2.165693 
2.242733 
2.316009 
2.385095 
2.449595 
2.509139 
2.563390 
2.612044 
2.654831 
2.691518 
2.721909 
2.745847 
2.763214 
2.773932 
2.777964 
2.775312 
2.766018 
2.750166 
2.727876 
2.699308 
2.664659 
2.624160 
2.578078 
2.526712 
2.470391 
2.409473 
2.344342 
2.275406 
2.203092 
2.127850 
2.050141 
1.970443 
1.889240 
1.807027 
1.724300 
1.641559 
1.559299 
1.478013 
1.398183 
1.320284 
1.244775 
1.172099 
1.102681 
1.036925 
0.975210 
0.917891 
0.865293 
0.817715 
0.775420 
0.738642 
0.707579 
0.682396 
0.663218 
0.650138 
0.643209 
0.642449 
0.647837 
0.659317 
0.676795 
0.700142 
0.729195 
0.763756 
0.803597 
0.848456 
0.898046 
0.952049 
1.010124 
1.071905 
1.137008 
1.205029 
1.275547 
1.348130 
1.422334 
1.497707 
1.573792 
1.650130 
1.726262 
1.801732 
1.876090 
1.948894 
2.019713 
2.088131 
2.153746 
2.216176 
2.275059 
2.330057 
2.380854 
2.427163 
2.468724 
2.505306 
2.536710 
2.562768 
2.583345 
2.598340 
2.607685 
2.611346 
2.609324 
2.601655 
2.588407 
2.569681 
2.545612 
2.516365 
2.482137 
2.443154 
2.399667 
2.351956 
2.300325 
2.245098 
2.186621 
2.125259 
2.061390 
1.995409 
1.927719 
1.858733 
1.788871 
1.718555 
1.648209 
1.578256 
1.509112 
1.441191 
1.374894 
1.310613 
1.248725 
1.189592 
1.133559 
1.080948 
1.032062 
0.987179 
0.946553 
0.910410 
0.878948 
0.852340 
0.830723 
0.814209 
0.802875 
0.796770 
0.795908 
0.800274 
0.809821 
0.824471 
0.844116 
0.868617 
0.897809 
0.931497 
0.969461 
1.011457 
1.057216 
1.106449 
1.158846 
1.214080 
1.271809 
1.331676 
1.393314 
1.456345 
1.520386 
1.585048 
1.649942 
1.714676 
1.778864 
1.842121 
1.904073 
1.964352 
2.022604 
2.078488 
2.131677 
2.181863 
2.228758 
2.272092 
2.311620 
2.347121 
2.378397 
2.405277 
2.427618 
2.445304 
2.458248 
2.466390 
2.469701 
2.468181 
2.461858 
2.450789 
2.435059 
2.414782 
2.390098 
2.361172 
2.328194 
2.291379 
2.250963 
2.207203 
2.160375 
2.110772 
2.058702 
2.004489 
1.948466 
1.890976 
1.832370 
1.773004 
1.713237 
1.653431 
1.593943 
1.535129 
1.477340 
1.420918 
1.366196 
1.313495 
1.263125 
1.215377 
1.170528 
1.128835 
1.090537 
1.055847 
1.024962 
0.998051 
0.975258 
0.956706 
0.942487 
0.932670 
0.927297 
0.926381 
0.929911 
0.937847 
0.950124 
0.966652 
0.987313 
1.011968 
1.040452 
1.072580 
1.108144 
1.146916 
1.188653 
1.233090 
1.279951 
1.328944 
1.379769 
1.432111 
1.485651 
1.540063 
1.595017 
1.650181 
1.705224 
1.759815 
1.813628 
1.866345 
1.917653 
1.967249 
2.014844 
2.060159 
2.102932 
2.142917 
2.179883 
2.213623 
2.243946 
2.270684 
2.293691 
2.312844 
2.328043 
2.339213 
2.346303 
2.349287 
2.348164 
2.342956 
2.333710 
2.320500 
2.303419 
2.282587 
2.258142 
2.230246 
2.199080 
2.164844 
2.127756 
2.088050 
2.045975 
2.001792 
1.955775 
1.908207 
1.859381 
1.809593 
1.759147 
1.708348 
1.657502 
1.606914 
1.556888 
1.507720 
1.459702 
1.413118 
1.368242 
1.325336 
1.284650 
1.246418 
1.210861 
1.178181 
1.148562 
1.122171 
1.099152 
1.079630 
1.063709 
1.051469 
1.042969 
1.038245 
1.037311 
1.040157 
1.046750 
1.057037 
1.070940 
1.088362 
1.109184 
1.133267 
1.160455 
1.190571 
1.223423 
1.258804 
1.296490 
1.336246 
1.377826 
1.420972 
1.465421 
1.510898 
1.557129 
1.603832 
1.650725 
1.697526 
1.743955 
1.789734 
1.834592 
1.878262 
1.920489 
1.961024 
1.999630 
2.036084 
2.070176 
2.101711 
2.130509 
2.156408 
2.179266 
2.198957 
2.215375 
2.228435 
2.238073 
2.244243 
2.246924 
2.246112 
2.241826 
2.234107 
2.223014 
2.208628 
2.191047 
2.170390 
2.146793 
2.120410 
2.091411 
2.059978 
2.026312 
1.990622 
1.953132 
1.914072 
1.873684 
1.832216 
1.789921 
1.747055 
1.703878 
1.660650 
1.617632 
1.575080 
1.533247 
1.492383 
1.452728 
1.414514 
1.377967 
1.343298 
1.310708 
1.280384 
1.252499 
1.227211 
1.204660 
1.184972 
1.168252 
1.154590 
1.144056 
1.136698 
1.132551 
1.131624 
1.133911 
1.139386 
1.148003 
1.159697 
1.174386 
1.191970 
1.212332 
1.235338 
1.260841 
1.288676 
1.318668 
1.350628 
1.384356 
1.419644 
1.456272 
1.494016 
1.532645 
1.571924 
1.611614 
1.651475 
1.691269 
1.730755 
1.769699 
1.807869 
1.845039 
1.880991 
1.915512 
1.948403 
1.979471 
2.008538 
2.035438 
2.060017 
2.082139 
2.101678 
2.118530 
2.132603 
2.143824 
2.152137 
2.157504 
2.159905 
2.159337 
2.155815 
2.149372 
2.140058 
2.127942 
2.113106 
2.095651 
2.075692 
2.053359 
2.028795 
2.002156 
1.973611 
1.943338 
1.911527 
1.878374 
1.844083 
1.808864 
1.772933 
1.736509 
1.699811 
1.663061 
1.626480 
1.590286 
1.554695 
1.519918 
1.486161 
1.453622 
1.422492 
1.392951 
1.365170 
1.339310 
1.315517 
1.293926 
1.274658 
1.257819 
1.243501 
1.231779 
1.222713 
1.216347 
1.212708 
1.211808 
1.213641 
1.218184 
1.225400 
1.235235 
1.247619 
1.262468 
1.279682 
1.299150 
1.320745 
1.344329 
1.369752 
1.396856 
1.425470 
1.455417 
1.486511 
1.518562 
1.551373 
1.584745 
1.618475 
1.652359 
1.686194 
1.719776 
1.752905 
1.785384 
1.817021 
1.847629 
1.877029 
1.905049 
1.931527 
1.956309 
1.979255 
2.000234 
2.019127 
2.035829 
2.050250 
2.062312 
2.071952 
2.079121 
2.083787 
2.085932 
2.085553 
2.082661 
2.077285 
2.069467 
2.059264 
2.046746 
2.031997 
2.015115 
1.996211 
1.975404 
1.952829 
1.928626 
1.902949 
1.875957 
1.847817 
1.818702 
1.788792 
1.758269 
1.727318 
1.696127 
1.664884 
1.633777 
1.602992 
1.572712 
1.543116 
1.514380 
1.486673 
1.460157 
1.434986 
1.411306 
1.389252 
1.368951 
1.350518 
1.334055 
1.319654 
1.307393 
1.297336 
1.289536 
1.284029 
1.280840 
1.279979 
1.281442 
1.285210 
1.291252 
1.299522 
1.309961 
1.322500 
1.337053 
1.353526 
1.371811 
1.391793 
1.413344 
1.436328 
1.460603 
1.486017 
1.512413 
1.539629 
1.567499 
1.595852 
1.624517 
1.653319 
1.682087 
1.710647 
1.738829 
1.766465 
1.793392 
1.819451 
1.844489 
1.868360 
1.890925 
1.912054 
1.931627 
1.949531 
1.965667 
1.979944 
1.992284 
2.002622 
2.010902 
2.017084 
2.021138 
2.023049 
2.022815 
2.020444 
2.015961 
2.009399 
2.000808 
1.990245 
1.977784 
1.963506 
1.947504 
1.929880 
1.910749 
1.890229 
1.868449 
1.845547 
1.821662 
1.796943 
1.771542 
1.745612 
1.719313 
1.692803 
1.666242 
1.639790 
1.613606 
1.587844 
1.562658 
1.538197 
1.514605 
1.492019 
1.470572 
1.450387 
1.431580 
1.414259 
1.398522 
1.384457 
1.372141 
1.361642 
1.353015 
1.346304 
1.341542 
1.338750 
1.337937 
1.339099 
1.342222 
1.347279 
1.354233 
1.363033 
1.373620 
1.385922 
1.399860 
1.415343 
1.432272 
1.450540 
1.470031 
1.490625 
1.512192 
1.534599 
1.557710 
1.581382 
1.605470 
1.629830 
1.654313 
1.678772 
1.703061 
1.727035 
1.750550 
1.773468 
1.795653 
1.816976 
1.837312 
1.856542 
1.874556 
1.891251 
1.906532 
1.920312 
1.932515 
1.943075 
1.951933 
1.959045 
1.964374 
1.967895 
1.969595 
1.969471 
1.967530 
1.963792 
1.958285 
1.951052 
1.942141 
1.931612 
1.919537 
1.905992 
1.891065 
1.874852 
1.857455 
1.838982 
1.819549 
1.799277 
1.778290 
1.756718 
1.734691 
1.712345 
1.689813 
1.667233 
1.644740 
1.622469 
1.600551 
1.579118 
1.558296 
1.538208 
1.518971 
1.500697 
1.483491 
1.467454 
1.452676 
1.439241 
1.427224 
1.416692 
1.407702 
1.400302 
1.394530 
1.390413 
1.387971 
1.387210 
1.388130 
1.390716 
1.394948 
1.400794 
1.408211 
1.417150 
1.427549 
1.439342 
1.452452 
1.466794 
1.482279 
1.498808 
1.516277 
1.534580 
1.553601 
1.573225 
1.593331 
1.613797 
1.634498 
1.655309 
1.676105 
1.696761 
1.717154 
1.737163 
1.756668 
1.775556 
1.793715 
1.811038 
1.827426 
1.842785 
1.857025 
1.870065 
1.881834 
1.892264 
1.901299 
1.908890 
1.914997 
1.919590 
1.922647 
1.924156 
1.924114 
1.922527 
1.919411 
1.914792 
1.908702 
1.901185 
1.892290 
1.882077 
1.870613 
1.857971 
1.844231 
1.829481 
1.813813 
1.797325 
1.780119 
1.762302 
1.743981 
1.725270 
1.706282 
1.687133 
1.667937 
1.648810 
1.629867 
1.611221 
1.592982 
1.575258 
1.558153 
1.541768 
1.526198 
1.511532 
1.497857 
1.485249 
1.473779 
1.463513 
1.454507 
1.446810 
1.440463 
1.435499 
1.431941 
1.429806 
1.429101 
1.429823 
1.431964 
1.435505 
1.440419 
1.446670 
1.454216 
1.463007 
1.472985 
1.484084 
1.496235 
1.509360 
1.523376 
1.538196 
1.553728 
1.569875 
1.586538 
1.603615 
1.621002 
1.638594 
1.656284 
1.673965 
1.691532 
1.708879 
1.725903 
1.742505 
1.758584 
